 Two zeros at 0
1 0
1401 2127
2801 4247
4201 6367
5601 8487
7001 10607
8401 12727
9801 14847
11201 16967
12601 19087
14001 21207
15401 23327
16801 25447
18201 27567
19601 29687
21001 31807
22401 33927
23801 36047
25201 38167
26601 40287
28001 42407
29401 44527
30801 46647
32201 48767
33601 50887
35001 53007
36401 55127
37801 57247
39201 59367
40601 61487
42001 63607
43401 65727
44801 67847
46201 69967
47601 72087
49001 74207
50401 76327
51801 78447
53201 80567
54601 82687
56001 84807
57401 86927
58801 89047
60201 91167
61601 93287
63001 95407
64401 97527
65801 99647
67201 101767
68601 103887
70001 106007
71401 108127
72801 110247
74201 112367
75601 114487
77001 116607
78401 118727
79801 120847
81201 122967
82601 125087
84001 127207
85401 129327
86801 131447
88201 133567
89601 135687
91001 137807
92401 139927
93801 142047
95201 144167
96601 146287
98001 148407
99401 150527
100801 152647
102201 154767
103601 156887
105001 159007
106401 161127
107801 163247
109201 165367
110601 167487
112001 169607
113401 171727
114801 173847
116201 175967
117601 178087
119001 180207
120401 182327
121801 184447
123201 186567
124601 188687
126001 190807
127401 192927
128801 195047
130201 197167
131601 199287
133001 201407
134401 203527
135801 205647
137201 207767
138601 209887
140001 212007
141401 214127
142801 216247
144201 218367
145601 220487
147001 222607
148401 224727
149801 226847
151201 228967
152601 231087
154001 233207
155401 235327
156801 237447
158201 239567
159601 241687
161001 243807
162401 245927
163801 248047
165201 250167
166601 252287
168001 254407
169401 256527
170801 258647
172201 260767
173601 262887
175001 265007
176401 267127
177801 269247
179201 271367
180601 273487
182001 275607
183401 277727
184801 279847
186201 281967
187601 284087
189001 286207
190401 288327
191801 290447
193201 292567
194601 294687
196001 296807
197401 298927
198801 301047
200201 303167
201601 305287
203001 307407
204401 309527
205801 311647
207201 313767
208601 315887
210001 318007
211401 320127
212801 322247
214201 324367
215601 326487
217001 328607
218401 330727
219801 332847
221201 334967
222601 337087
224001 339207
225401 341327
226801 343447
228201 345567
229601 347687
231001 349807
232401 351927
233801 354047
235201 356167
236601 358287
238001 360407
239401 362527
240801 364647
242201 366767
243601 368887
245001 371007
246401 373127
247801 375247
249201 377367
250601 379487
252001 381607
253401 383727
254801 385847
256201 387967
257601 390087
259001 392207
260401 394327
261801 396447
263201 398567
264601 400687
266001 402807
267401 404927
268801 407047
270201 409167
271601 411287
273001 413407
274401 415527
275801 417647
277201 419767
278601 421887
280001 424007
281401 426127
282801 428247
284201 430367
285601 432487
287001 434607
288401 436727
289801 438847
291201 440967
292601 443087
294001 445207
295401 447327
296801 449447
298201 451567
299601 453687
301001 455807
302401 457927
303801 460047
305201 462167
306601 464287
308001 466407
309401 468527
310801 470647
312201 472767
313601 474887
315001 477007
316401 479127
317801 481247
319201 483367
320601 485487
322001 487607
323401 489727
324801 491847
326201 493967
327601 496087
329001 498207
330401 500327
331801 502447
333201 504567
334601 506687
336001 508807
337401 510927
338801 513047
340201 515167
341601 517287
343001 519407
344401 521527
345801 523647
347201 525767
348601 527887
350001 530007
351401 532127
352801 534247
354201 536367
355601 538487
357001 540607
358401 542727
359801 544847
361201 546967
362601 549087
364001 551207
365401 553327
366801 555447
368201 557567
369601 559687
371001 561807
372401 563927
373801 566047
375201 568167
376601 570287
378001 572407
379401 574527
380801 576647
382201 578767
383601 580887
385001 583007
386401 585127
387801 587247
389201 589367
390601 591487
392001 593607
393401 595727
394801 597847
396201 599967
397601 602087
399001 604207
400401 606327
401801 608447
403201 610567
404601 612687
406001 614807
407401 616927
408801 619047
410201 621167
411601 623287
413001 625407
414401 627527
415801 629647
417201 631767
418601 633887
420001 636007
421401 638127
422801 640247
424201 642367
425601 644487
427001 646607
428401 648727
429801 650847
431201 652967
432601 655087
434001 657207
435401 659327
436801 661447
438201 663567
439601 665687
441001 667807
442401 669927
443801 672047
445201 674167
446601 676287
448001 678407
449401 680527
450801 682647
452201 684767
453601 686887
455001 689007
456401 691127
457801 693247
459201 695367
460601 697487
462001 699607
463401 701727
464801 703847
466201 705967
467601 708087
469001 710207
470401 712327
471801 714447
473201 716567
474601 718687
476001 720807
477401 722927
478801 725047
480201 727167
481601 729287
483001 731407
484401 733527
485801 735647
487201 737767
488601 739887
490001 742007
491401 744127
492801 746247
494201 748367
495601 750487
497001 752607
498401 754727
499801 756847
501201 758967
502601 761087
504001 763207
505401 765327
506801 767447
508201 769567
509601 771687
511001 773807
512401 775927
513801 778047
515201 780167
516601 782287
518001 784407
519401 786527
520801 788647
522201 790767
523601 792887
525001 795007
526401 797127
527801 799247
529201 801367
530601 803487
532001 805607
533401 807727
534801 809847
536201 811967
537601 814087
539001 816207
540401 818327
541801 820447
543201 822567
544601 824687
546001 826807
547401 828927
548801 831047
550201 833167
551601 835287
553001 837407
554401 839527
555801 841647
557201 843767
558601 845887
560001 848007
561401 850127
562801 852247
564201 854367
565601 856487
567001 858607
568401 860727
569801 862847
571201 864967
572601 867087
574001 869207
575401 871327
576801 873447
578201 875567
579601 877687
581001 879807
582401 881927
583801 884047
585201 886167
586601 888287
588001 890407
589401 892527
590801 894647
592201 896767
593601 898887
595001 901007
596401 903127
597801 905247
599201 907367
600601 909487
602001 911607
603401 913727
604801 915847
606201 917967
607601 920087
609001 922207
610401 924327
611801 926447
613201 928567
614601 930687
616001 932807
617401 934927
618801 937047
620201 939167
621601 941287
623001 943407
624401 945527
625801 947647
627201 949767
628601 951887
630001 954007
631401 956127
632801 958247
634201 960367
635601 962487
637001 964607
638401 966727
639801 968847
641201 970967
642601 973087
644001 975207
645401 977327
646801 979447
648201 981567
649601 983687
651001 985807
652401 987927
653801 990047
655201 992167
656601 994287
658001 996407
659401 998527
660801 1000647
662201 1002767
663601 1004887
665001 1007007
666401 1009127
667801 1011247
669201 1013367
670601 1015487
672001 1017607
673401 1019727
674801 1021847
676201 1023967
677601 1026087
679001 1028207
680401 1030327
681801 1032447
683201 1034567
684601 1036687
686001 1038807
687401 1040927
688801 1043047
690201 1045167
691601 1047287
693001 1049407
694401 1051527
695801 1053647
697201 1055767
698601 1057887
700001 1060007
701401 1062127
702801 1064247
704201 1066367
705601 1068487
707001 1070607
708401 1072727
709801 1074847
711201 1076967
712601 1079087
714001 1081207
715401 1083327
716801 1085447
718201 1087567
719601 1089687
721001 1091807
722401 1093927
723801 1096047
725201 1098167
726601 1100287
728001 1102407
729401 1104527
730801 1106647
732201 1108767
733601 1110887
735001 1113007
736401 1115127
737801 1117247
739201 1119367
740601 1121487
742001 1123607
743401 1125727
744801 1127847
746201 1129967
747601 1132087
749001 1134207
750401 1136327
751801 1138447
753201 1140567
754601 1142687
756001 1144807
757401 1146927
758801 1149047
760201 1151167
761601 1153287
763001 1155407
764401 1157527
765801 1159647
767201 1161767
768601 1163887
770001 1166007
771401 1168127
772801 1170247
774201 1172367
775601 1174487
777001 1176607
778401 1178727
779801 1180847
781201 1182967
782601 1185087
784001 1187207
785401 1189327
786801 1191447
788201 1193567
789601 1195687
791001 1197807
792401 1199927
793801 1202047
795201 1204167
796601 1206287
798001 1208407
799401 1210527
800801 1212647
802201 1214767
803601 1216887
805001 1219007
806401 1221127
807801 1223247
809201 1225367
810601 1227487
812001 1229607
813401 1231727
814801 1233847
816201 1235967
817601 1238087
819001 1240207
820401 1242327
821801 1244447
823201 1246567
824601 1248687
826001 1250807
827401 1252927
828801 1255047
830201 1257167
831601 1259287
833001 1261407
834401 1263527
835801 1265647
837201 1267767
838601 1269887
840001 1272007
841401 1274127
842801 1276247
844201 1278367
845601 1280487
847001 1282607
848401 1284727
849801 1286847
851201 1288967
852601 1291087
854001 1293207
855401 1295327
856801 1297447
858201 1299567
859601 1301687
861001 1303807
862401 1305927
863801 1308047
865201 1310167
866601 1312287
868001 1314407
869401 1316527
870801 1318647
872201 1320767
873601 1322887
875001 1325007
876401 1327127
877801 1329247
879201 1331367
880601 1333487
882001 1335607
883401 1337727
884801 1339847
886201 1341967
887601 1344087
889001 1346207
890401 1348327
891801 1350447
893201 1352567
894601 1354687
896001 1356807
897401 1358927
898801 1361047
900201 1363167
901601 1365287
903001 1367407
904401 1369527
905801 1371647
907201 1373767
908601 1375887
910001 1378007
911401 1380127
912801 1382247
914201 1384367
915601 1386487
917001 1388607
918401 1390727
919801 1392847
921201 1394967
922601 1397087
924001 1399207
925401 1401327
926801 1403447
928201 1405567
929601 1407687
931001 1409807
932401 1411927
933801 1414047
935201 1416167
936601 1418287
938001 1420407
939401 1422527
940801 1424647
942201 1426767
943601 1428887
945001 1431007
946401 1433127
947801 1435247
949201 1437367
950601 1439487
952001 1441607
953401 1443727
954801 1445847
956201 1447967
957601 1450087
959001 1452207
960401 1454327
961801 1456447
963201 1458567
964601 1460687
966001 1462807
967401 1464927
968801 1467047
970201 1469167
971601 1471287
973001 1473407
974401 1475527
975801 1477647
977201 1479767
978601 1481887
980001 1484007
981401 1486127
982801 1488247
984201 1490367
985601 1492487
987001 1494607
988401 1496727
989801 1498847
991201 1500967
992601 1503087
994001 1505207
995401 1507327
996801 1509447
998201 1511567
999601 1513687
period 200
1000000
=============================
1514288
